0,0,1,0,1,0,-1,0,0,0,0,0.5,0
0,0,1,0,1,0,-1,0,0,8.0240190712293e-08,0,0.499999973921938,0
-1.00529510820504e-06,0,0.999999999999495,0,1,0,-0.999999999999495,0,-1.00529510820504e-06,6.39990742947841e-07,0,0.499999792003009,0
-3.38265151576773e-06,0,0.999999999994279,0,1,0,-0.999999999994279,0,-3.38265151576773e-06,2.15346283797101e-06,0,0.499999300124578,0
-7.99395197908879e-06,0,0.999999999968048,0,1,0,-0.999999999968048,0,-7.99395197908879e-06,5.08910788929908e-06,0,0.499998346039936,0
-1.55660273906309e-05,0,0.999999999878849,0,1,0,-0.999999999878849,0,-1.55660273906309e-05,9.90964081449114e-06,0,0.499996779366735,0
-2.68167343301323e-05,0,0.999999999640431,0,1,0,-0.999999999640431,0,-2.68167343301323e-05,1.70720633069369e-05,0,0.499994451579425,0
-4.24549916176981e-05,0,0.999999999098787,0,1,0,-0.999999999098787,0,-4.24549916176981e-05,2.70276871076458e-05,0,0.49999121600169,0
-6.31808168644994e-05,0,0.999999998004092,0,1,0,-0.999999998004092,0,-6.31808168644994e-05,4.02221572770354e-05,0,0.499986927798885,0
-8.96853630195029e-05,0,0.999999995978268,0,1,0,-0.999999995978268,0,-8.96853630195029e-05,5.70954754667207e-05,0,0.499981443970473,0
-0.000122650954910101,0,0.999999992478372,0,1,0,-0.999999992478372,0,-0.000122650954910101,7.80820231913032e-05,0,0.499974623342463,0
-0.00016275112577391,0,0.999999986756035,0,1,0,-0.999999986756035,0,-0.00016275112577391,0.000103610585100159,0,0.499966326559842,0
-0.000210650653778331,0,0.999999977813151,0,1,0,-0.999999977813151,0,-0.000210650653778331,0.000134104372249228,0,0.499956416079019,0
-0.000267005598523797,0,0.999999964354005,0,1,0,-0.999999964354005,0,-0.000267005598523797,0.000169981045372804,0,0.499944756160254,0
-0.000332463337525827,0,0.999999944734063,0,1,0,-0.999999944734063,0,-0.000332463337525827,0.000211652738155321,0,0.4999312128601,0
-0.000407662602670321,0,0.999999916905598,0,1,0,-0.999999916905598,0,-0.000407662602670321,0.000259526080503144,0,0.499915654023836,0
-0.000493233516635652,0,0.999999878360342,0,1,0,-0.999999878360342,0,-0.000493233516635652,0.000314002221816358,0,0.49989794927791,0
-0.000589797629274358,0,0.999999826069363,0,1,0,-0.999999826069363,0,-0.000589797629274358,0.000375476854260557,0,0.499877970022365,0
-0.000697967953946386,0,0.999999756420338,0,1,0,-0.999999756420338,0,-0.000697967953946386,0.00044434023603863,0,0.499855589423287,0
-0.000818349003795031,0,0.999999665152398,0,1,0,-0.999999665152398,0,-0.000818349003795031,0.000520977214662554,0,0.499830682405235,0
-0.000951536827955851,0,0.99999954728873,0,1,0,-0.99999954728873,0,-0.000951536827955851,0.000605767250225181,0,0.499803125643677,0
-0.00109811904768807,0,0.999999397067097,0,1,0,-0.999999397067097,0,-0.00109811904768807,0.000699084438672024,0,0.499772797557432,0
-0.00125867489241708,0,0.999999207868444,0,1,0,-0.999999207868444,0,-0.00125867489241708,0.000801297535073052,0,0.499739578301101,0
-0.00143377523567603,0,0.999998972143759,0,1,0,-0.999998972143759,0,-0.00143377523567603,0.000912769976894475,0,0.499703349757509,0
-0.00162398263093335,0,0.999998681339338,0,1,0,-0.999998681339338,0,-0.00162398263093335,0.00103385990727053,0,0.499663995530137,0
-0.00182985134729285,0,0.999998325820622,0,1,0,-0.999998325820622,0,-0.00182985134729285,0.00116492019827528,0,0.499621400935561,0
-0.00205192740505166,0,0.999997894794746,0,1,0,-0.999997894794746,0,-0.00205192740505166,0.00130629847419439,0,0.499575452995887,0
-0.00229074861110117,0,0.999997376231958,0,1,0,-0.999997376231958,0,-0.00229074861110117,0.00145833713479693,0,0.499526040431191,0
-0.00254684459415491,0,0.999996756786047,0,1,0,-0.999996756786047,0,-0.00254684459415491,0.00162137337860714,0,0.499473053651953,0
-0.00282073683978719,0,0.999996021713927,0,1,0,-0.999996021713927,0,-0.00282073683978719,0.00179573922617625,0,0.499416384751493,0
-0.00311293872526523,0,0.999995154794508,0,1,0,-0.999995154794508,0,-0.00311293872526523,0.00198176154335425,0,0.49935592749841,0
-0.00342395555415743,0,0.999994138247001,0,1,0,-0.999994138247001,0,-0.00342395555415743,0.00217976206456169,0,0.499291577329017,0
-0.00375428459069931,0,0.999992952648773,0,1,0,-0.999992952648773,0,-0.00375428459069931,0.00239005741606144,0,0.49922323133978,0
-0.00410441509389891,0,0.999991576852894,0,1,0,-0.999991576852894,0,-0.00410441509389891,0.00261295913923051,0,0.49915078827975,0
-0.00447482835136233,0,0.999989987905492,0,1,0,-0.999989987905492,0,-0.00447482835136233,0.00284877371383185,0,0.499074148543005,0
-0.00486599771282009,0,0.999988160963048,0,1,0,-0.999988160963048,0,-0.00486599771282009,0.00309780258128609,0,0.498993214161082,0
-0.00527838862333458,0,0.999986069209737,0,1,0,-0.999986069209737,0,-0.00527838862333458,0.00336034216794337,0,0.498907888795418,0
-0.00571245865616852,0,0.999983683774941,0,1,0,-0.999983683774941,0,-0.00571245865616852,0.00363668390835511,0,0.498818077729785,0
-0.00616865754529416,0,0.999980973651043,0,1,0,-0.999980973651043,0,-0.00616865754529416,0.00392711426854581,0,0.498723687862723,0
-0.00664742721752279,0,0.999977905611613,0,1,0,-0.999977905611613,0,-0.00664742721752279,0.00423191476928484,0,0.498624627699982,0
-0.00714920182423388,0,0.999974444130087,0,1,0,-0.999974444130087,0,-0.00714920182423388,0.0045513620093582,0,0.498520807346959,0
-0.00767440777268335,0,0.999970551299056,0,1,0,-0.999970551299056,0,-0.00767440777268335,0.00488572768884036,0,0.498412138501127,0
-0.00822346375687008,0,0.999966186750252,0,1,0,-0.999966186750252,0,-0.00822346375687008,0.005235278632366,0,0.498298534444481,0
-0.00879678078794011,0,0.999961307575333,0,1,0,-0.999961307575333,0,-0.00879678078794011,0.00560027681240182,0,0.498179910035969,0
-0.00939476222410797,0,0.99995586824757,0,1,0,-0.99995586824757,0,-0.00939476222410797,0.00598097937251835,0,0.498056181703932,0
-0.0100178038000746,0,0.999949820544523,0,1,0,-0.999949820544523,0,-0.0100178038000746,0.00637763865066168,0,0.497927267438535,0
-0.0106662936559216,0,0.999943113471784,0,1,0,-0.999943113471784,0,-0.0106662936559216,0.00679050220242531,0,0.497793086784212,0
-0.0113406123654622,0,0.999935693187905,0,1,0,-0.999935693187905,0,-0.0113406123654622,0.00721981282432192,0,0.497653560832095,0
-0.0120411329640284,0,0.999927502930559,0,1,0,-0.999927502930559,0,-0.0120411329640284,0.00766580857705514,0,0.497508612212457,0
-0.0127682209756757,0,0.999918482944043,0,1,0,-0.999918482944043,0,-0.0127682209756757,0.00812872280879135,0,0.497358165087143,0
-0.0135222344397862,0,0.999908570408193,0,1,0,-0.999908570408193,0,-0.0135222344397862,0.00860878417843148,0,0.49720214514201,0
-0.0143035239370519,0,0.999897699368781,0,1,0,-0.999897699368781,0,-0.0143035239370519,0.0091062166788828,0,0.497040479579363,0
-0.0151124326148187,0,0.999885800669488,0,1,0,-0.999885800669488,0,-0.0151124326148187,0.00962123966033067,0,0.496873097110393,0
-0.0159492962117765,0,0.999872801885494,0,1,0,-0.999872801885494,0,-0.0159492962117765,0.0101540678535104,0,0.496699927947609,0
-0.0168144430819756,0,0.999858627258795,0,1,0,-0.999858627258795,0,-0.0168144430819756,0.0107049113929789,0,0.496520903797282,0
-0.0177081942181551,0,0.999843197635275,0,1,0,-0.999843197635275,0,-0.0177081942181551,0.0112739758403868,0,0.496335957851874,0
-0.018630863274367,0,0.999826430403624,0,1,0,-0.999826430403624,0,-0.018630863274367,0.0118614622077496,0,0.496145024782481,0
-0.019582756587882,0,0.999808239436153,0,1,0,-0.999808239436153,0,-0.019582756587882,0.0124675669807203,0,0.495948040731266,0
-0.0205641732003621,0,0.999788535031576,0,1,0,-0.999788535031576,0,-0.0205641732003621,0.0130924821418605,0,0.495744943303895,0
-0.0215754048782874,0,0.999767223859803,0,1,0,-0.999767223859803,0,-0.0215754048782874,0.0137363951939125,0,0.495535671561978,0
-0.0226167361326254,0,0.999744208908812,0,1,0,-0.999744208908812,0,-0.0226167361326254,0.014399489183071,0,0.495320166015502,0
-0.0236884442377305,0,0.999719389433653,0,1,0,-0.999719389433653,0,-0.0236884442377305,0.015081942722255,0,0.495098368615267,0
-0.0247907992494639,0,0.999692660907628,0,1,0,-0.999692660907628,0,-0.0247907992494639,0.0157839300143794,0,0.494870222745327,0
-0.0259240640225249,0,0.999663914975706,0,1,0,-0.999663914975706,0,-0.0259240640225249,0.016505620875627,0,0.494635673215421,0
-0.0270884942269842,0,0.99963303941022,0,1,0,-0.99963303941022,0,-0.0270884942269842,0.0172471807587201,0,0.494394666253416,0
-0.0282843383640133,0,0.999599918068879,0,1,0,-0.999599918068879,0,-0.0282843383640133,0.0180087707761924,0,0.494147149497737,0
-0.029511837780803,0,0.99956443085516,0,1,0,-0.99956443085516,0,-0.029511837780803,0.0187905477236608,0,0.49389307198981,0
-0.030771226684666,0,0.999526453681102,0,1,0,-0.999526453681102,0,-0.030771226684666,0.0195926641030972,0,0.493632384166493,0
-0.0320627321563203,0,0.99948585843256,0,1,0,-0.99948585843256,0,-0.0320627321563203,0.0204152681461,0,0.493365037852518,0
-0.0333865741623506,0,0.999442512936938,0,1,0,-0.999442512936938,0,-0.0333865741623506,0.0212585038371665,0,0.493090986252921,0
-0.0347429655668453,0,0.999396280933455,0,1,0,-0.999396280933455,0,-0.0347429655668453,0.0221225109369639,0,0.492810183945487,0
-0.0361321121422107,0,0.999347022045967,0,1,0,-0.999347022045967,0,-0.0361321121422107,0.0230074250056019,0,0.492522586873179,0
-0.037554212579162,0,0.999294591758386,0,1,0,-0.999294591758386,0,-0.037554212579162,0.0239133774259039,0,0.492228152336581,0
-0.0390094584958942,0,0.999238841392716,0,1,0,-0.999238841392716,0,-0.0390094584958942,0.0248404954266789,0,0.491926838986329,0
-0.0404980344464362,0,0.999179618089748,0,1,0,-0.999179618089748,0,-0.0404980344464362,0.0257889021059936,0,0.491618606815552,0
-0.0420201179281938,0,0.999116764792434,0,1,0,-0.999116764792434,0,-0.0420201179281938,0.0267587164544437,0,0.491303417152306,0
-0.0435758793886871,0,0.999050120231964,0,1,0,-0.999050120231964,0,-0.0435758793886871,0.0277500533784263,0,0.490981232652011,0
-0.0451654822314902,0,0.998979518916578,0,1,0,-0.998979518916578,0,-0.0451654822314902,0.0287630237234109,0,0.490652017289891,0
-0.0467890828213834,0,0.998904791123125,0,1,0,-0.998904791123125,0,-0.0467890828213834,0.0297977342972121,0,0.490315736353406,0
-0.0484468304887263,0,0.998825762891405,0,1,0,-0.998825762891405,0,-0.0484468304887263,0.0308542878932605,0,0.48997235643469,0
-0.0501388675330662,0,0.998742256021293,0,1,0,-0.998742256021293,0,-0.0501388675330662,0.0319327833138753,0,0.489621845422991,0
-0.0518653292259924,0,0.998654088072682,0,1,0,-0.998654088072682,0,-0.0518653292259924,0.0330333153935352,0,0.489264172497101,0
-0.0536263438132533,0,0.998561072368247,0,1,0,-0.998561072368247,0,-0.0536263438132533,0.0341559750221513,0,0.488899308117801,0
-0.0554220325161511,0,0.998463017999054,0,1,0,-0.998463017999054,0,-0.0554220325161511,0.0353008491683376,0,0.48852722402029,0
-0.0572525095322321,0,0.99835972983302,0,1,0,-0.99835972983302,0,-0.0572525095322321,0.0364680209026841,0,0.488147893206628,0
-0.0591178820352913,0,0.998251008526243,0,1,0,-0.998251008526243,0,-0.0591178820352913,0.0376575694210276,0,0.487761289938166,0
-0.0610182501747111,0,0.998136650537198,0,1,0,-0.998136650537198,0,-0.0610182501747111,0.0388695700677238,0,0.48736738972799,0
-0.0629537070741573,0,0.998016448143828,0,1,0,-0.998016448143828,0,-0.0629537070741573,0.0401040943589193,0,0.486966169333351,0
-0.0649243388296537,0,0.997890189463516,0,1,0,-0.997890189463516,0,-0.0649243388296537,0.0413612100058232,0,0.486557606748107,0
-0.066930224507061,0,0.997757658475962,0,1,0,-0.997757658475962,0,-0.066930224507061,0.0426409809379788,0,0.486141681195157,0
-0.0689714361389847,0,0.997618635048948,0,1,0,-0.997618635048948,0,-0.0689714361389847,0.0439434673265356,0,0.485718373118876,0
-0.0710480387211412,0,0.997472894967016,0,1,0,-0.997472894967016,0,-0.0710480387211412,0.0452687256075209,0,0.485287664177556,0
-0.073160090208208,0,0.997320209963042,0,1,0,-0.997320209963042,0,-0.073160090208208,0.0466168085051117,0,0.484849537235839,0
-0.0753076415091903,0,0.997160347752719,0,1,0,-0.997160347752719,0,-0.0753076415091903,0.0479877650549066,0,0.484403976357155,0
-0.0774907364823335,0,0.99699307207193,0,1,0,-0.99699307207193,0,-0.0774907364823335,0.0493816406271972,0,0.483950966796161,0
-0.0797094119296155,0,0.996818142717033,0,1,0,-0.996818142717033,0,-0.0797094119296155,0.0507984769502403,0,0.483490494991172,0
-0.0819636975908514,0,0.996635315588022,0,1,0,-0.996635315588022,0,-0.0819636975908514,0.0522383121335295,0,0.483022548556603,0
-0.0842536161374463,0,0.996444342734587,0,1,0,-0.996444342734587,0,-0.0842536161374463,0.0537011806910671,0,0.482547116275403,0
-0.0865791831658328,0,0.996244972405049,0,1,0,-0.996244972405049,0,-0.0865791831658328,0.0551871135646357,0,0.482064188091493,0
-0.0889404071906297,0,0.996036949098157,0,1,0,-0.996036949098157,0,-0.0889404071906297,0.05669613814707,0,0.481573755102202,0
-0.091337289637562,0,0.995820013617754,0,1,0,-0.995820013617754,0,-0.091337289637562,0.0582282783055289,0,0.481075809550703,0
-0.0937698248361806,0,0.995593903130283,0,1,0,-0.995593903130283,0,-0.0937698248361806,0.0597835544047671,0,0.480570344818451,0
-0.0962380000124235,0,0.99535835122513,0,1,0,-0.99535835122513,0,-0.0962380000124235,0.0613619833304065,0,0.480057355417618,0
-0.098741795281061,0,0.99511308797778,0,1,0,-0.99511308797778,0,-0.098741795281061,0.0629635785122088,0,0.479536836983532,0
-0.101281183638067,0,0.994857840015784,0,1,0,-0.994857840015784,0,-0.101281183638067,0.0645883499473466,0,0.479008786267112,0
-0.10385613095296,0,0.994592330587503,0,1,0,-0.994592330587503,0,-0.10385613095296,0.0662363042236754,0,0.478473201127306,0
-0.106466595961163,0,0.99431627963362,0,1,0,-0.99431627963362,0,-0.106466595961163,0.0679074445430055,0,0.477930080523523,0
-0.109112530256424,0,0.994029403861395,0,1,0,-0.994029403861395,0,-0.109112530256424,0.0696017707443737,0,0.477379424508079,0
-0.111793878283342,0,0.993731416821653,0,1,0,-0.993731416821653,0,-0.111793878283342,0.0713192793273151,0,0.476821234218623,0
-0.114510577330057,0,0.993422028988454,0,1,0,-0.993422028988454,0,-0.114510577330057,0.0730599634751349,0,0.476255511870581,0
-0.117262557521139,0,0.993100947841458,0,1,0,-0.993100947841458,0,-0.117262557521139,0.0748238130781802,0,0.475682260749591,0
-0.120049741810737,0,0.992767877950921,0,1,0,-0.992767877950921,0,-0.120049741810737,0.0766108147571116,0,0.475101485203939,0
-0.122872045976031,0,0.992422521065329,0,1,0,-0.992422521065329,0,-0.122872045976031,0.0784209518861753,0,0.474513190636993,0
-0.125729378611044,0,0.99206457620161,0,1,0,-0.99206457620161,0,-0.125729378611044,0.0802542046164747,0,0.473917383499646,0
-0.128621641120853,0,0.991693739737919,0,1,0,-0.991693739737919,0,-0.128621641120853,0.0821105498992422,0,0.473314071282746,0
-0.131548727716276,0,0.991309705508944,0,1,0,-0.991309705508944,0,-0.131548727716276,0.0839899615091111,0,0.472703262509539,0
-0.134510525409056,0,0.990912164903721,0,1,0,-0.990912164903721,0,-0.134510525409056,0.0858924100673873,0,0.472084966728099,0
-0.137506914007621,0,0.990500806965901,0,1,0,-0.990500806965901,0,-0.137506914007621,0.087817863065321,0,0.471459194503771,0
-0.140537766113466,0,0.990075318496445,0,1,0,-0.990075318496445,0,-0.140537766113466,0.0897662848873786,0,0.470825957411602,0
-0.1436029471182,0,0.989635384158715,0,1,0,-0.989635384158715,0,-0.1436029471182,0.0917376368345146,0,0.470185268028783,0
-0.146702315201332,0,0.989180686585908,0,1,0,-0.989180686585908,0,-0.146702315201332,0.0937318771474431,0,0.469537139927081,0
-0.149835721328837,0,0.988710906490804,0,1,0,-0.988710906490804,0,-0.149835721328837,0.0957489610299099,0,0.468881587665279,0
-0.153003009252558,0,0.988225722777778,0,1,0,-0.988225722777778,0,-0.153003009252558,0.097788840671964,0,0.468218626781612,0
-0.156204015510509,0,0.987724812657044,0,1,0,-0.987724812657044,0,-0.156204015510509,0.0998514652732297,0,0.4675482737862,0
-0.159438569428123,0,0.987207851761073,0,1,0,-0.987207851761073,0,-0.159438569428123,0.101936781066178,0,0.466870546153492,0
-0.162706493120509,0,0.986674514263151,0,1,0,-0.986674514263151,0,-0.162706493120509,0.104044731339399,0,0.466185462314695,0
-0.166007601495761,0,0.986124472998021,0,1,0,-0.986124472998021,0,-0.166007601495761,0.106175256460872,0,0.465493041650217,0
-0.169341702259401,0,0.985557399584564,0,1,0,-0.985557399584564,0,-0.169341702259401,0.108328293901241,0,0.464793304482097,0
-0.172708595919971,0,0.984972964550475,0,1,0,-0.984972964550475,0,-0.172708595919971,0.110503778257082,0,0.464086272066448,0
-0.176108075795874,0,0.984370837458869,0,1,0,-0.984370837458869,0,-0.176108075795874,0.112701641274178,0,0.463371966585892,0
-0.179539928023481,0,0.983750687036773,0,1,0,-0.983750687036773,0,-0.179539928023481,0.114921811870788,0,0.462650411141994,0
-0.183003931566585,0,0.983112181305456,0,1,0,-0.983112181305456,0,-0.183003931566585,0.117164216160923,0,0.4619216297477,0
-0.18649985822724,0,0.982454987712526,0,1,0,-0.982454987712526,0,-0.18649985822724,0.119428777477613,0,0.461185647319776,0
-0.19002747265805,0,0.981778773265747,0,1,0,-0.981778773265747,0,-0.19002747265805,0.121715416396182,0,0.460442489671241,0
-0.193586532375952,0,0.981083204668521,0,1,0,-0.981083204668521,0,-0.193586532375952,0.124024050757519,0,0.459692183503806,0
-0.197176787777562,0,0.980367948456967,0,1,0,-0.980367948456967,0,-0.197176787777562,0.126354595691349,0,0.458934756400312,0
-0.200797982156108,0,0.979632671138542,0,1,0,-0.979632671138542,0,-0.200797982156108,0.128706963639506,0,0.458170236817161,0
-0.204449851720039,0,0.978877039332139,0,1,0,-0.978877039332139,0,-0.204449851720039,0.131081064379204,0,0.457398654076759,0
-0.208132125613328,0,0.9781007199096,0,1,0,-0.9781007199096,0,-0.208132125613328,0.133476805046308,0,0.45662003835995,0
-0.21184452593754,0,0.977303380138583,0,1,0,-0.977303380138583,0,-0.21184452593754,0.135894090158608,0,0.455834420698452,0
-0.215586767775705,0,0.976484687826708,0,1,0,-0.976484687826708,0,-0.215586767775705,0.138332821639089,0,0.455041832967296,0
-0.219358559218052,0,0.97564431146693,0,1,0,-0.97564431146693,0,-0.219358559218052,0.140792898839203,0,0.454242307877259,0
-0.223159601389643,0,0.97478192038405,0,1,0,-0.97478192038405,0,-0.223159601389643,0.143274218562143,0,0.453435878967304,0
-0.22698958847996,0,0.973897184882315,0,1,0,-0.973897184882315,0,-0.22698958847996,0.14577667508611,0,0.452622580597014,0
-0.230848207774493,0,0.97298977639403,0,1,0,-0.97298977639403,0,-0.230848207774493,0.14830016018759,0,0.451802447939033,0
-0.234735139688364,0,0.972059367629099,0,1,0,-0.972059367629099,0,-0.234735139688364,0.150844563164622,0,0.450975516971498,0
-0.23865005780204,0,0.971105632725443,0,1,0,-0.971105632725443,0,-0.23865005780204,0.153409770860072,0,0.450141824470477,0
-0.242592628899178,0,0.970128247400201,0,1,0,-0.970128247400201,0,-0.242592628899178,0.155995667684904,0,0.449301408002406,0
-0.246562513006629,0,0.969126889101657,0,1,0,-0.969126889101657,0,-0.246562513006629,0.158602135641453,0,0.448454305916528,0
-0.250559363436661,0,0.968101237161804,0,1,0,-0.968101237161804,0,-0.250559363436661,0.161229054346692,0,0.447600557337325,0
-0.254582826831421,0,0.967050972949473,0,1,0,-0.967050972949473,0,-0.254582826831421,0.163876301055512,0,0.446740202156959,0
-0.258632543209691,0,0.965975780023955,0,1,0,-0.965975780023955,0,-0.258632543209691,0.166543750683986,0,0.445873281027704,0
-0.262708146015947,0,0.964875344289025,0,1,0,-0.964875344289025,0,-0.262708146015947,0.169231275832646,0,0.44499983535439,0
-0.266809262171793,0,0.963749354147303,0,1,0,-0.963749354147303,0,-0.266809262171793,0.171938746809751,0,0.444119907286831,0
-0.270935512129756,0,0.962597500654862,0,1,0,-0.962597500654862,0,-0.270935512129756,0.174666031654562,0,0.443233539712267,0
-0.275086509929519,0,0.961419477676002,0,1,0,-0.961419477676002,0,-0.275086509929519,0.177412996160612,0,0.442340776247801,0
-0.279261863256584,0,0.960214982038117,0,1,0,-0.960214982038117,0,-0.279261863256584,0.180179503898978,0,0.441441661232832,0
-0.283461173503415,0,0.95898371368656,0,1,0,-0.95898371368656,0,-0.283461173503415,0.182965416241552,0,0.440536239721496,0
-0.287684035833071,0,0.95772537583944,0,1,0,-0.95772537583944,0,-0.287684035833071,0.185770592384315,0,0.439624557475097,0
-0.291930039245366,0,0.956439675142243,0,1,0,-0.956439675142243,0,-0.291930039245366,0.188594889370609,0,0.438706660954552,0
-0.296198766645572,0,0.95512632182222,0,1,0,-0.95512632182222,0,-0.296198766645572,0.191438162114403,0,0.437782597312819,0
-0.300489794915673,0,0.953785029842436,0,1,0,-0.953785029842436,0,-0.300489794915673,0.194300263423574,0,0.436852414387338,0
-0.304802694988215,0,0.952415517055408,0,1,0,-0.952415517055408,0,-0.304802694988215,0.19718104402317,0,0.43591616069247,0
-0.309137031922736,0,0.951017505356237,0,1,0,-0.951017505356237,0,-0.309137031922736,0.200080352578688,0,0.434973885411926,0
-0.313492364984815,0,0.949590720835154,0,1,0,-0.949590720835154,0,-0.313492364984815,0.202998035719342,0,0.434025638391214,0
-0.317868247727735,0,0.948134893929392,0,1,0,-0.948134893929392,0,-0.317868247727735,0.205933938061338,0,0.433071470130065,0
-0.322264228076783,0,0.946649759574298,0,1,0,-0.946649759574298,0,-0.322264228076783,0.208887902231142,0,0.432111431774879,0
-0.326679848416176,0,0.945135057353595,0,1,0,-0.945135057353595,0,-0.326679848416176,0.211859768888756,0,0.431145575111154,0
-0.331114645678643,0,0.943590531648716,0,1,0,-0.943590531648716,0,-0.331114645678643,0.214849376750985,0,0.43017395255593,0
-0.335568151437639,0,0.942015931787104,0,1,0,-0.942015931787104,0,-0.335568151437639,0.217856562614714,0,0.429196617150218,0
-0.340039892002214,0,0.940411012189416,0,1,0,-0.940411012189416,0,-0.340039892002214,0.220881161380176,0,0.428213622551443,0
-0.344529388514521,0,0.938775532515526,0,1,0,-0.938775532515526,0,-0.344529388514521,0.223923006074225,0,0.427225023025877,0
-0.349036157049968,0,0.937109257809243,0,1,0,-0.937109257809243,0,-0.349036157049968,0.226981927873608,0,0.426230873441077,0
-0.353559708719999,0,0.935411958641662,0,1,0,-0.935411958641662,0,-0.353559708719999,0.230057756128236,0,0.425231229258323,0
-0.358099549777504,0,0.933683411253059,0,1,0,-0.933683411253059,0,-0.358099549777504,0.233150318384458,0,0.424226146525051,0
-0.362655181724845,0,0.931923397693244,0,1,0,-0.931923397693244,0,-0.362655181724845,0.236259440408329,0,0.423215681867293,0
-0.36722610142448,0,0.930131705960278,0,1,0,-0.930131705960278,0,-0.36722610142448,0.239384946208885,0,0.422199892482112,0
-0.371811801212172,0,0.928308130137488,0,1,0,-0.928308130137488,0,-0.371811801212172,0.242526658061414,0,0.42117883613004,0
-0.376411769012774,0,0.926452470528669,0,1,0,-0.926452470528669,0,-0.376411769012774,0.245684396530727,0,0.420152571127514,0
-0.381025488458547,0,0.924564533791409,0,1,0,-0.924564533791409,0,-0.381025488458547,0.24885798049443,0,0.41912115633931,0
-0.385652439010021,0,0.922644133068445,0,1,0,-0.922644133068445,0,-0.385652439010021,0.252047227166198,0,0.418084651170986,0
-0.390292096079338,0,0.920691088116963,0,1,0,-0.920691088116963,0,-0.390292096079338,0.255251952119042,0,0.417043115561311,0
-0.39494393115608,0,0.918705225435766,0,1,0,-0.918705225435766,0,-0.39494393115608,0.258471969308586,0,0.41599660997471,0
-0.399607411935534,0,0.916686378390224,0,1,0,-0.916686378390224,0,-0.399607411935534,0.261707091096335,0,0.414945195393691,0
-0.404282002449365,0,0.914634387334924,0,1,0,-0.914634387334924,0,-0.404282002449365,0.264957128272949,0,0.413888933311292,0
-0.40896716319867,0,0.912549099733944,0,1,0,-0.912549099733944,0,-0.40896716319867,0.268221890081514,0,0.412827885723508,0
-0.41366235128937,0,0.910430370278667,0,1,0,-0.910430370278667,0,-0.41366235128937,0.271501184240814,0,0.411762115121735,0
-0.41836702056989,0,0.908278061003057,0,1,0,-0.908278061003057,0,-0.41836702056989,0.274794816968602,0,0.410691684485204,0
-0.423080621771115,0,0.906092041396329,0,1,0,-0.906092041396329,0,-0.423080621771115,0.278102593004873,0,0.409616657273416,0
-0.427802602648542,0,0.903872188512919,0,1,0,-0.903872188512919,0,-0.427802602648542,0.281424315635134,0,0.408537097418581,0
-0.43253240812661,0,0.901618387079698,0,1,0,-0.901618387079698,0,-0.43253240812661,0.28475978671368,0,0.407453069318054,0
-0.437269480445142,0,0.899330529600344,0,1,0,-0.899330529600344,0,-0.437269480445142,0.288108806686858,0,0.406364637826771,0
-0.44201325930786,0,0.897008516456807,0,1,0,-0.897008516456807,0,-0.44201325930786,0.291471174616348,0,0.405271868249687,0
-0.446763182032908,0,0.894652256007791,0,1,0,-0.894652256007791,0,-0.446763182032908,0.294846688202429,0,0.404174826334211,0
-0.451518683705341,0,0.892261664684187,0,1,0,-0.892261664684187,0,-0.451518683705341,0.29823514380725,0,0.403073578262644,0
-0.456279197331509,0,0.889836667081389,0,1,0,-0.889836667081389,0,-0.456279197331509,0.301636336478108,0,0.401968190644615,0
-0.461044153995286,0,0.887377196048429,0,1,0,-0.887377196048429,0,-0.461044153995286,0.305050059970711,0,0.400858730509519,0
-0.465812983016082,0,0.884883192773859,0,1,0,-0.884883192773859,0,-0.465812983016082,0.308476106772458,0,0.399745265298951,0
-0.470585112108566,0,0.882354606868332,0,1,0,-0.882354606868332,0,-0.470585112108566,0.311914268125706,0,0.398627862859145,0
-0.475359967544044,0,0.879791396443796,0,1,0,-0.879791396443796,0,-0.475359967544044,0.315364334051044,0,0.397506591433411,0
-0.480136974313415,0,0.877193528189281,0,1,0,-0.877193528189281,0,-0.480136974313415,0.318826093370562,0,0.396381519654567,0
-0.484915556291646,0,0.874560977443176,0,1,0,-0.874560977443176,0,-0.484915556291646,0.322299333731127,0,0.395252716537384,0
-0.489695136403686,0,0.87189372826198,0,1,0,-0.87189372826198,0,-0.489695136403686,0.32578384162765,0,0.394120251471014,0
-0.494475136791744,0,0.869191773485453,0,1,0,-0.869191773485453,0,-0.494475136791744,0.329279402426363,0,0.392984194211432,0
-0.499254978983868,0,0.866455114798117,0,1,0,-0.866455114798117,0,-0.499254978983868,0.332785800388085,0,0.391844614873872,0
-0.504034084063733,0,0.863683762787071,0,1,0,-0.863683762787071,0,-0.504034084063733,0.336302818691499,0,0.390701583925263,0
-0.508811872841566,0,0.86087773699606,0,1,0,-0.86087773699606,0,-0.508811872841566,0.339830239456422,0,0.389555172176663,0
-0.513587766026138,0,0.858037065975754,0,1,0,-0.858037065975754,0,-0.513587766026138,0.343367843767073,0,0.388405450775701,0
-0.518361184397715,0,0.855161787330209,0,1,0,-0.855161787330209,0,-0.518361184397715,0.346915411695353,0,0.38725249119901,0
-0.523131548981914,0,0.852251947759454,0,1,0,-0.852251947759454,0,-0.523131548981914,0.350472722324107,0,0.386096365244665,0
-0.527898281224362,0,0.849307603098173,0,1,0,-0.849307603098173,0,-0.527898281224362,0.354039553770406,0,0.384937145024618,0
-0.532660803166074,0,0.846328818350452,0,1,0,-0.846328818350452,0,-0.532660803166074,0.357615683208809,0,0.383774902957137,0
-0.537418537619465,0,0.843315667720549,0,1,0,-0.843315667720549,0,-0.537418537619465,0.361200886894641,0,0.382609711759242,0
-0.542170908344913,0,0.840268234639661,0,1,0,-0.840268234639661,0,-0.542170908344913,0.364794940187265,0,0.381441644439139,0
-0.546917340227765,0,0.837186611788666,0,1,0,-0.837186611788666,0,-0.546917340227765,0.368397617573348,0,0.380270774288662,0
-0.551657259455721,0,0.834070901116807,0,1,0,-0.834070901116807,0,-0.551657259455721,0.37200869269014,0,0.379097174875704,0
-0.556390093696482,0,0.830921213856296,0,1,0,-0.830921213856296,0,-0.556390093696482,0.375627938348742,0,0.377920920036659,0
-0.561115272275576,0,0.827737670532824,0,1,0,-0.827737670532824,0,-0.561115272275576,0.379255126557377,0,0.376742083868852,0
-0.565832226354281,0,0.824520400971957,0,1,0,-0.824520400971957,0,-0.565832226354281,0.382890028544664,0,0.375560740722984,0
-0.570540389107525,0,0.821269544301403,0,1,0,-0.821269544301403,0,-0.570540389107525,0.386532414782889,0,0.374376965195561,0
-0.575239195901692,0,0.817985248949133,0,1,0,-0.817985248949133,0,-0.575239195901692,0.390182055011275,0,0.373190832121336,0
-0.579928084472226,0,0.814667672637361,0,1,0,-0.814667672637361,0,-0.579928084472226,0.393838718259257,0,0.372002416565741,0
-0.584606495100938,0,0.811316982372363,0,1,0,-0.811316982372363,0,-0.584606495100938,0.397502172869753,0,0.37081179381733,0
-0.589273870792922,0,0.807933354430133,0,1,0,-0.807933354430133,0,-0.589273870792922,0.401172186522433,0,0.369619039380209,0
-0.593929657452979,0,0.804516974337886,0,1,0,-0.804516974337886,0,-0.593929657452979,0.404848526256995,0,0.368424228966477,0
-0.598573304061455,0,0.801068036851398,0,1,0,-0.801068036851398,0,-0.598573304061455,0.408530958496432,0,0.36722743848866,0
-0.603204262849394,0,0.79758674592819,0,1,0,-0.79758674592819,0,-0.603204262849394,0.412219249070308,0,0.36602874405215,0
-0.607821989472907,0,0.794073314696569,0,1,0,-0.794073314696569,0,-0.607821989472907,0.415913163238028,0,0.364828221947641,0
-0.612425943186663,0,0.790527965420532,0,1,0,-0.790527965420532,0,-0.612425943186663,0.41961246571211,0,0.363625948643564,0
-0.617015587016396,0,0.786950929460543,0,1,0,-0.786950929460543,0,-0.617015587016396,0.423316920681457,0,0.362422000778526,0
-0.621590387930337,0,0.783342447230209,0,1,0,-0.783342447230209,0,-0.621590387930337,0.427026291834628,0,0.361216455153746,0
-0.626149817009482,0,0.779702768148859,0,1,0,-0.779702768148859,0,-0.626149817009482,0.43074034238311,0,0.360009388725489,0
-0.630693349616569,0,0.77603215059006,0,1,0,-0.77603215059006,0,-0.630693349616569,0.43445883508459,0,0.358800878597508,0
-0.635220465563706,0,0.772330861826089,0,1,0,-0.772330861826089,0,-0.635220465563706,0.43818153226623,0,0.357591002013475,0
-0.639730649278524,0,0.768599177968386,0,1,0,-0.768599177968386,0,-0.639730649278524,0.44190819584793,0,0.356379836349423,0
-0.644223389968771,0,0.76483738390402,0,1,0,-0.76483738390402,0,-0.644223389968771,0.445638587365612,0,0.355167459106176,0
-0.648698181785254,0,0.761045773228198,0,1,0,-0.761045773228198,0,-0.648698181785254,0.449372467994479,0,0.353953947901794,0
-0.653154523983025,0,0.757224648172857,0,1,0,-0.757224648172857,0,-0.653154523983025,0.453109598572298,0,0.352739380464003,0
-0.65759192108073,0,0.75337431953137,0,1,0,-0.75337431953137,0,-0.65759192108073,0.456849739622663,0,0.351523834622634,0
-0.662009883018013,0,0.749495106579407,0,1,0,-0.749495106579407,0,-0.662009883018013,0.460592651378275,0,0.350307388302061,0
-0.6664079253109,0,0.745587336992,0,1,0,-0.745587336992,0,-0.6664079253109,0.464338093804205,0,0.349090119513633,0
-0.670785569205057,0,0.741651346756849,0,1,0,-0.741651346756849,0,-0.670785569205057,0.468085826621173,0,0.347872106348119,0
-0.675142341826842,0,0.737687480083923,0,1,0,-0.737687480083923,0,-0.675142341826842,0.471835609328816,0,0.346653426968135,0
-0.679477776332057,0,0.733696089311401,0,1,0,-0.733696089311401,0,-0.679477776332057,0.475587201228961,0,0.345434159600588,0
-0.683791412052317,0,0.729677534808013,0,1,0,-0.729677534808013,0,-0.683791412052317,0.479340361448896,0,0.344214382529109,0
-0.688082794638946,0,0.725632184871825,0,1,0,-0.725632184871825,0,-0.688082794638946,0.483094848964644,0,0.342994174086491,0
-0.692351476204321,0,0.721560415625537,0,1,0,-0.721560415625537,0,-0.692351476204321,0.486850422624231,0,0.341773612647125,0
-0.696597015460574,0,0.717462610908346,0,1,0,-0.717462610908346,0,-0.696597015460574,0.490606841170961,0,0.340552776619438,0
-0.700818977855572,0,0.713339162164444,0,1,0,-0.713339162164444,0,-0.700818977855572,0.494363863266688,0,0.339331744438326,0
-0.705016935706108,0,0.709190468328199,0,1,0,-0.709190468328199,0,-0.705016935706108,0.498121247515084,0,0.338110594557598,0
-0.709190468328199,0,0.705016935706108,0,1,0,-0.705016935706108,0,-0.709190468328199,0.501878752484916,0,0.336889405442402,0
-0.713339162164444,0,0.700818977855573,0,1,0,-0.700818977855573,0,-0.713339162164444,0.505636136733312,0,0.335668255561674,0
-0.717462610908346,0,0.696597015460574,0,1,0,-0.696597015460574,0,-0.717462610908346,0.509393158829039,0,0.334447223380562,0
-0.721560415625536,0,0.692351476204322,0,1,0,-0.692351476204322,0,-0.721560415625536,0.513149577375769,0,0.333226387352875,0
-0.725632184871825,0,0.688082794638946,0,1,0,-0.688082794638946,0,-0.725632184871825,0.516905151035357,0,0.332005825913509,0
-0.729677534808013,0,0.683791412052317,0,1,0,-0.683791412052317,0,-0.729677534808013,0.520659638551104,0,0.330785617470891,0
-0.733696089311401,0,0.679477776332057,0,1,0,-0.679477776332057,0,-0.733696089311401,0.524412798771039,0,0.329565840399412,0
-0.737687480083922,0,0.675142341826842,0,1,0,-0.675142341826842,0,-0.737687480083922,0.528164390671184,0,0.328346573031865,0
-0.741651346756849,0,0.670785569205057,0,1,0,-0.670785569205057,0,-0.741651346756849,0.531914173378827,0,0.327127893651881,0
-0.745587336992,0,0.6664079253109,0,1,0,-0.6664079253109,0,-0.745587336992,0.535661906195795,0,0.325909880486367,0
-0.749495106579407,0,0.662009883018013,0,1,0,-0.662009883018013,0,-0.749495106579407,0.539407348621725,0,0.324692611697939,0
-0.75337431953137,0,0.65759192108073,0,1,0,-0.65759192108073,0,-0.75337431953137,0.543150260377336,0,0.323476165377366,0
-0.757224648172857,0,0.653154523983025,0,1,0,-0.653154523983025,0,-0.757224648172857,0.546890401427703,0,0.322260619535997,0
-0.761045773228198,0,0.648698181785254,0,1,0,-0.648698181785254,0,-0.761045773228198,0.550627532005521,0,0.321046052098206,0
-0.764837383904019,0,0.644223389968771,0,1,0,-0.644223389968771,0,-0.764837383904019,0.554361412634388,0,0.319832540893824,0
-0.768599177968386,0,0.639730649278524,0,1,0,-0.639730649278524,0,-0.768599177968386,0.558091804152069,0,0.318620163650577,0
-0.772330861826088,0,0.635220465563706,0,1,0,-0.635220465563706,0,-0.772330861826088,0.56181846773377,0,0.317408997986525,0
-0.77603215059006,0,0.630693349616569,0,1,0,-0.630693349616569,0,-0.77603215059006,0.56554116491541,0,0.316199121402492,0
-0.779702768148858,0,0.626149817009482,0,1,0,-0.626149817009482,0,-0.779702768148858,0.56925965761689,0,0.314990611274511,0
-0.783342447230209,0,0.621590387930338,0,1,0,-0.621590387930338,0,-0.783342447230209,0.572973708165372,0,0.313783544846254,0
-0.786950929460543,0,0.617015587016396,0,1,0,-0.617015587016396,0,-0.786950929460543,0.576683079318543,0,0.312577999221474,0
-0.790527965420532,0,0.612425943186664,0,1,0,-0.612425943186664,0,-0.790527965420532,0.58038753428789,0,0.311374051356436,0
-0.794073314696569,0,0.607821989472908,0,1,0,-0.607821989472908,0,-0.794073314696569,0.584086836761972,0,0.310171778052359,0
-0.79758674592819,0,0.603204262849394,0,1,0,-0.603204262849394,0,-0.79758674592819,0.587780750929692,0,0.30897125594785,0
-0.801068036851398,0,0.598573304061455,0,1,0,-0.598573304061455,0,-0.801068036851398,0.591469041503568,0,0.30777256151134,0
-0.804516974337886,0,0.593929657452979,0,1,0,-0.593929657452979,0,-0.804516974337886,0.595151473743005,0,0.306575771033523,0
-0.807933354430132,0,0.589273870792923,0,1,0,-0.589273870792923,0,-0.807933354430132,0.598827813477566,0,0.305380960619791,0
-0.811316982372363,0,0.584606495100938,0,1,0,-0.584606495100938,0,-0.811316982372363,0.602497827130247,0,0.30418820618267,0
-0.814667672637361,0,0.579928084472226,0,1,0,-0.579928084472226,0,-0.814667672637361,0.606161281740743,0,0.302997583434259,0
-0.817985248949133,0,0.575239195901692,0,1,0,-0.575239195901692,0,-0.817985248949133,0.609817944988725,0,0.301809167878664,0
-0.821269544301402,0,0.570540389107526,0,1,0,-0.570540389107526,0,-0.821269544301402,0.613467585217111,0,0.300623034804439,0
-0.824520400971957,0,0.565832226354281,0,1,0,-0.565832226354281,0,-0.824520400971957,0.617109971455336,0,0.299439259277016,0
-0.827737670532824,0,0.561115272275576,0,1,0,-0.561115272275576,0,-0.827737670532824,0.620744873442623,0,0.298257916131148,0
-0.830921213856296,0,0.556390093696482,0,1,0,-0.556390093696482,0,-0.830921213856296,0.624372061651258,0,0.297079079963341,0
-0.834070901116807,0,0.551657259455721,0,1,0,-0.551657259455721,0,-0.834070901116807,0.62799130730986,0,0.295902825124296,0
-0.837186611788666,0,0.546917340227765,0,1,0,-0.546917340227765,0,-0.837186611788666,0.631602382426652,0,0.294729225711338,0
-0.840268234639661,0,0.542170908344913,0,1,0,-0.542170908344913,0,-0.840268234639661,0.635205059812735,0,0.293558355560861,0
-0.843315667720549,0,0.537418537619465,0,1,0,-0.537418537619465,0,-0.843315667720549,0.638799113105359,0,0.292390288240758,0
-0.846328818350452,0,0.532660803166074,0,1,0,-0.532660803166074,0,-0.846328818350452,0.642384316791191,0,0.291225097042863,0
-0.849307603098173,0,0.527898281224362,0,1,0,-0.527898281224362,0,-0.849307603098173,0.645960446229594,0,0.290062854975382,0
-0.852251947759454,0,0.523131548981914,0,1,0,-0.523131548981914,0,-0.852251947759454,0.649527277675893,0,0.288903634755335,0
-0.855161787330209,0,0.518361184397715,0,1,0,-0.518361184397715,0,-0.855161787330209,0.653084588304647,0,0.28774750880099,0
-0.858037065975754,0,0.513587766026138,0,1,0,-0.513587766026138,0,-0.858037065975754,0.656632156232927,0,0.286594549224299,0
-0.86087773699606,0,0.508811872841566,0,1,0,-0.508811872841566,0,-0.86087773699606,0.660169760543578,0,0.285444827823337,0
-0.863683762787071,0,0.504034084063733,0,1,0,-0.504034084063733,0,-0.863683762787071,0.663697181308501,0,0.284298416074737,0
-0.866455114798117,0,0.499254978983868,0,1,0,-0.499254978983868,0,-0.866455114798117,0.667214199611915,0,0.283155385126128,0
-0.869191773485452,0,0.494475136791745,0,1,0,-0.494475136791745,0,-0.869191773485452,0.670720597573637,0,0.282015805788568,0
-0.87189372826198,0,0.489695136403685,0,1,0,-0.489695136403685,0,-0.87189372826198,0.67421615837235,0,0.280879748528986,0
-0.874560977443176,0,0.484915556291646,0,1,0,-0.484915556291646,0,-0.874560977443176,0.677700666268873,0,0.279747283462616,0
-0.877193528189281,0,0.480136974313415,0,1,0,-0.480136974313415,0,-0.877193528189281,0.681173906629438,0,0.278618480345433,0
-0.879791396443796,0,0.475359967544045,0,1,0,-0.475359967544045,0,-0.879791396443796,0.684635665948956,0,0.277493408566589,0
-0.882354606868332,0,0.470585112108566,0,1,0,-0.470585112108566,0,-0.882354606868332,0.688085731874294,0,0.276372137140855,0
-0.884883192773859,0,0.465812983016082,0,1,0,-0.465812983016082,0,-0.884883192773859,0.691523893227542,0,0.275254734701049,0
-0.887377196048428,0,0.461044153995286,0,1,0,-0.461044153995286,0,-0.887377196048428,0.694949940029289,0,0.274141269490481,0
-0.889836667081388,0,0.45627919733151,0,1,0,-0.45627919733151,0,-0.889836667081388,0.698363663521892,0,0.273031809355385,0
-0.892261664684186,0,0.451518683705342,0,1,0,-0.451518683705342,0,-0.892261664684186,0.701764856192749,0,0.271926421737356,0
-0.894652256007791,0,0.446763182032909,0,1,0,-0.446763182032909,0,-0.894652256007791,0.705153311797571,0,0.270825173665789,0
-0.897008516456807,0,0.442013259307861,0,1,0,-0.442013259307861,0,-0.897008516456807,0.708528825383651,0,0.269728131750313,0
-0.899330529600344,0,0.437269480445142,0,1,0,-0.437269480445142,0,-0.899330529600344,0.711891193313142,0,0.268635362173229,0
-0.901618387079698,0,0.43253240812661,0,1,0,-0.43253240812661,0,-0.901618387079698,0.71524021328632,0,0.267546930681946,0
-0.903872188512919,0,0.427802602648542,0,1,0,-0.427802602648542,0,-0.903872188512919,0.718575684364866,0,0.266462902581419,0
-0.906092041396329,0,0.423080621771115,0,1,0,-0.423080621771115,0,-0.906092041396329,0.721897406995127,0,0.265383342726584,0
-0.908278061003057,0,0.41836702056989,0,1,0,-0.41836702056989,0,-0.908278061003057,0.725205183031398,0,0.264308315514796,0
-0.910430370278666,0,0.41366235128937,0,1,0,-0.41366235128937,0,-0.910430370278666,0.728498815759186,0,0.263237884878265,0
-0.912549099733944,0,0.408967163198671,0,1,0,-0.408967163198671,0,-0.912549099733944,0.731778109918486,0,0.262172114276492,0
-0.914634387334924,0,0.404282002449365,0,1,0,-0.404282002449365,0,-0.914634387334924,0.735042871727051,0,0.261111066688708,0
-0.916686378390224,0,0.399607411935534,0,1,0,-0.399607411935534,0,-0.916686378390224,0.738292908903665,0,0.260054804606309,0
-0.918705225435766,0,0.39494393115608,0,1,0,-0.39494393115608,0,-0.918705225435766,0.741528030691415,0,0.25900339002529,0
